"Dstat 0.7.2 CSV output"
"Author:","Dag Wieers <dag@wieers.com>",,,,"URL:","http://dag.wieers.com/home-made/dstat/"
"Host:","compute-652-2.local",,,,"User:","a57816"
"Cmdline:","dstat -tvfnml --output ep.A.x_1_compute-652-2_NTHREADS_4.csv",,,,"Date:","24 Feb 2016 21:17:17 WET"

"system","procs",,,"memory usage",,,,"paging",,"dsk/sda",,"system",,"cpu0 usage",,,,,,"cpu1 usage",,,,,,"cpu2 usage",,,,,,"cpu3 usage",,,,,,"cpu4 usage",,,,,,"cpu5 usage",,,,,,"cpu6 usage",,,,,,"cpu7 usage",,,,,,"cpu8 usage",,,,,,"cpu9 usage",,,,,,"cpu10 usage",,,,,,"cpu11 usage",,,,,,"cpu12 usage",,,,,,"cpu13 usage",,,,,,"cpu14 usage",,,,,,"cpu15 usage",,,,,,"cpu16 usage",,,,,,"cpu17 usage",,,,,,"cpu18 usage",,,,,,"cpu19 usage",,,,,,"cpu20 usage",,,,,,"cpu21 usage",,,,,,"cpu22 usage",,,,,,"cpu23 usage",,,,,,"cpu24 usage",,,,,,"cpu25 usage",,,,,,"cpu26 usage",,,,,,"cpu27 usage",,,,,,"cpu28 usage",,,,,,"cpu29 usage",,,,,,"cpu30 usage",,,,,,"cpu31 usage",,,,,,"cpu32 usage",,,,,,"cpu33 usage",,,,,,"cpu34 usage",,,,,,"cpu35 usage",,,,,,"cpu36 usage",,,,,,"cpu37 usage",,,,,,"cpu38 usage",,,,,,"cpu39 usage",,,,,,"net/eth1",,"net/mic0",,"memory usage",,,,"load avg",,
"time","run","blk","new","used","buff","cach","free","in","out","read","writ","int","csw","usr","sys","idl","wai","hiq","siq","usr","sys","idl","wai","hiq","siq","usr","sys","idl","wai","hiq","siq","usr","sys","idl","wai","hiq","siq","usr","sys","idl","wai","hiq","siq","usr","sys","idl","wai","hiq","siq","usr","sys","idl","wai","hiq","siq","usr","sys","idl","wai","hiq","siq","usr","sys","idl","wai","hiq","siq","usr","sys","idl","wai","hiq","siq","usr","sys","idl","wai","hiq","siq","usr","sys","idl","wai","hiq","siq","usr","sys","idl","wai","hiq","siq","usr","sys","idl","wai","hiq","siq","usr","sys","idl","wai","hiq","siq","usr","sys","idl","wai","hiq","siq","usr","sys","idl","wai","hiq","siq","usr","sys","idl","wai","hiq","siq","usr","sys","idl","wai","hiq","siq","usr","sys","idl","wai","hiq","siq","usr","sys","idl","wai","hiq","siq","usr","sys","idl","wai","hiq","siq","usr","sys","idl","wai","hiq","siq","usr","sys","idl","wai","hiq","siq","usr","sys","idl","wai","hiq","siq","usr","sys","idl","wai","hiq","siq","usr","sys","idl","wai","hiq","siq","usr","sys","idl","wai","hiq","siq","usr","sys","idl","wai","hiq","siq","usr","sys","idl","wai","hiq","siq","usr","sys","idl","wai","hiq","siq","usr","sys","idl","wai","hiq","siq","usr","sys","idl","wai","hiq","siq","usr","sys","idl","wai","hiq","siq","usr","sys","idl","wai","hiq","siq","usr","sys","idl","wai","hiq","siq","usr","sys","idl","wai","hiq","siq","usr","sys","idl","wai","hiq","siq","usr","sys","idl","wai","hiq","siq","usr","sys","idl","wai","hiq","siq","recv","send","recv","send","used","buff","cach","free","1m","5m","15m"
24-02 21:17:17,0.0,0.000,0.150,984113152.0,271388672.0,771944448.0,65628487680.0,0.0,0.0,451.758,11749.879,6273.862,3860.404,11.951,3.399,84.550,0.100,0.0,0.000,11.045,2.719,86.221,0.014,0.0,0.000,10.634,2.617,86.738,0.011,0.0,0.000,10.486,2.750,86.753,0.010,0.0,0.001,9.135,2.786,88.069,0.009,0.0,0.001,9.569,2.750,87.672,0.009,0.0,0.001,9.923,2.745,87.321,0.010,0.0,0.000,8.417,2.687,88.889,0.007,0.0,0.000,6.291,2.573,91.131,0.005,0.0,0.001,5.773,2.471,91.751,0.004,0.0,0.000,11.086,2.717,86.163,0.034,0.0,0.000,10.151,2.740,87.085,0.023,0.0,0.001,11.478,2.696,85.805,0.020,0.0,0.000,9.941,2.574,87.467,0.017,0.0,0.000,9.355,2.462,88.166,0.017,0.0,0.001,7.614,2.324,90.047,0.014,0.0,0.001,8.033,2.170,89.780,0.017,0.0,0.001,6.747,1.970,91.267,0.015,0.0,0.001,4.669,1.743,92.977,0.610,0.0,0.001,4.076,1.518,94.393,0.012,0.0,0.001,10.546,2.493,86.939,0.017,0.0,0.005,9.526,2.174,88.284,0.014,0.0,0.001,10.116,2.158,87.711,0.012,0.0,0.002,9.876,1.854,88.260,0.009,0.0,0.001,10.899,1.683,87.406,0.011,0.0,0.001,9.739,1.515,88.735,0.011,0.0,0.000,9.236,1.458,89.297,0.009,0.0,0.000,10.642,1.435,87.909,0.013,0.0,0.000,5.903,1.470,92.622,0.004,0.0,0.000,5.716,1.495,92.787,0.002,0.0,0.000,11.239,0.955,87.789,0.016,0.0,0.000,14.288,0.889,84.809,0.013,0.0,0.001,7.964,0.748,91.278,0.010,0.0,0.001,8.725,0.706,90.560,0.009,0.0,0.001,8.924,0.719,90.347,0.008,0.0,0.002,10.001,0.701,89.285,0.011,0.0,0.002,9.674,0.717,89.599,0.009,0.0,0.001,10.411,0.726,88.853,0.010,0.0,0.001,5.068,0.842,94.065,0.024,0.0,0.001,5.813,0.869,93.313,0.004,0.0,0.000,0.0,0.0,0.0,0.0,984113152.0,271388672.0,771944448.0,65628487680.0,2.820,5.590,4.720
24-02 21:17:18,4.0,0.0,4.0,988844032.0,271388672.0,771952640.0,65623748608.0,0.0,0.0,0.0,24576.0,5710.0,2963.0,0.0,1.010,98.990,0.0,0.0,0.0,0.0,0.0,100.0,0.0,0.0,0.0,0.0,0.0,100.0,0.0,0.0,0.0,0.0,0.0,100.0,0.0,0.0,0.0,0.0,0.0,100.0,0.0,0.0,0.0,0.0,0.0,100.0,0.0,0.0,0.0,0.0,0.0,100.0,0.0,0.0,0.0,0.0,0.0,100.0,0.0,0.0,0.0,0.0,0.0,100.0,0.0,0.0,0.0,0.0,0.0,100.0,0.0,0.0,0.0,0.0,0.0,105.051,-5.051,0.0,0.0,0.0,0.0,100.0,0.0,0.0,0.0,0.0,0.0,100.0,0.0,0.0,0.0,0.0,0.0,100.0,0.0,0.0,0.0,0.0,0.0,100.0,0.0,0.0,0.0,0.0,0.0,100.0,0.0,0.0,0.0,0.0,0.0,100.0,0.0,0.0,0.0,0.0,0.0,100.0,0.0,0.0,0.0,0.0,0.0,87.0,13.0,0.0,0.0,0.0,0.0,100.0,0.0,0.0,0.0,0.0,0.0,100.0,0.0,0.0,0.0,89.0,0.0,11.0,0.0,0.0,0.0,89.0,0.0,11.0,0.0,0.0,0.0,0.0,0.0,100.0,0.0,0.0,0.0,0.0,0.0,100.0,0.0,0.0,0.0,0.0,0.0,100.0,0.0,0.0,0.0,0.0,0.0,100.0,0.0,0.0,0.0,0.0,0.0,100.0,0.0,0.0,0.0,0.0,0.0,100.0,0.0,0.0,0.0,0.0,0.0,100.0,0.0,0.0,0.0,89.899,0.0,10.101,0.0,0.0,0.0,89.0,0.0,11.0,0.0,0.0,0.0,0.0,0.0,100.0,0.0,0.0,0.0,0.0,0.0,100.0,0.0,0.0,0.0,0.0,0.0,100.0,0.0,0.0,0.0,0.0,0.0,100.0,0.0,0.0,0.0,0.0,0.0,100.0,0.0,0.0,0.0,0.0,0.0,100.0,0.0,0.0,0.0,0.0,0.990,99.010,0.0,0.0,0.0,0.0,0.0,100.0,0.0,0.0,0.0,0.0,0.0,0.0,0.0,989097984.0,271388672.0,771952640.0,65623494656.0,2.820,5.590,4.720
24-02 21:17:19,4.0,0.0,0.0,986628096.0,271388672.0,771956736.0,65625960448.0,0.0,0.0,0.0,0.0,6228.0,3445.0,0.0,1.010,98.990,0.0,0.0,0.0,0.0,0.0,100.0,0.0,0.0,0.0,0.0,0.0,100.0,0.0,0.0,0.0,0.0,0.0,100.0,0.0,0.0,0.0,0.0,0.0,100.0,0.0,0.0,0.0,0.0,0.0,100.0,0.0,0.0,0.0,0.0,0.0,100.0,0.0,0.0,0.0,0.0,0.0,100.0,0.0,0.0,0.0,0.0,1.0,99.0,0.0,0.0,0.0,0.0,0.0,100.0,0.0,0.0,0.0,0.990,0.0,99.010,0.0,0.0,0.0,0.0,0.0,100.0,0.0,0.0,0.0,0.0,0.0,100.0,0.0,0.0,0.0,0.0,0.0,100.0,0.0,0.0,0.0,0.0,0.0,100.0,0.0,0.0,0.0,0.0,0.0,100.0,0.0,0.0,0.0,0.0,0.0,100.0,0.0,0.0,0.0,0.0,0.0,100.0,0.0,0.0,0.0,0.0,0.0,100.0,0.0,0.0,0.0,0.0,0.0,100.0,0.0,0.0,0.0,0.0,0.0,100.0,0.0,0.0,0.0,100.0,0.0,0.0,0.0,0.0,0.0,100.0,0.0,0.0,0.0,0.0,0.0,0.0,0.0,100.0,0.0,0.0,0.0,0.0,0.0,100.0,0.0,0.0,0.0,0.0,0.0,100.0,0.0,0.0,0.0,0.0,0.0,100.0,0.0,0.0,0.0,0.0,0.0,100.0,0.0,0.0,0.0,0.0,0.0,100.0,0.0,0.0,0.0,0.0,0.0,100.0,0.0,0.0,0.0,100.0,0.0,0.0,0.0,0.0,0.0,100.0,0.0,0.0,0.0,0.0,0.0,0.0,0.0,100.0,0.0,0.0,0.0,0.0,0.0,100.0,0.0,0.0,0.0,0.0,0.0,100.0,0.0,0.0,0.0,0.0,0.0,100.0,0.0,0.0,0.0,0.0,0.0,100.0,0.0,0.0,0.0,0.0,0.0,100.0,0.0,0.0,0.0,0.0,0.0,100.0,0.0,0.0,0.0,0.0,0.0,100.0,0.0,0.0,0.0,7450.0,30262.0,0.0,0.0,986628096.0,271388672.0,771956736.0,65625960448.0,2.820,5.590,4.720
24-02 21:17:20,4.0,0.0,0.0,986628096.0,271388672.0,771956736.0,65625960448.0,0.0,0.0,0.0,0.0,6204.0,3307.0,0.0,1.010,98.990,0.0,0.0,0.0,0.0,0.0,100.0,0.0,0.0,0.0,0.0,0.0,100.0,0.0,0.0,0.0,0.0,0.0,100.0,0.0,0.0,0.0,0.0,0.0,100.0,0.0,0.0,0.0,0.0,0.0,100.0,0.0,0.0,0.0,0.0,0.0,100.0,0.0,0.0,0.0,0.0,0.0,100.0,0.0,0.0,0.0,0.0,0.0,100.0,0.0,0.0,0.0,0.0,0.0,100.0,0.0,0.0,0.0,1.0,0.0,99.0,0.0,0.0,0.0,0.0,0.0,100.0,0.0,0.0,0.0,0.0,0.0,100.0,0.0,0.0,0.0,0.0,0.0,100.0,0.0,0.0,0.0,0.0,0.0,100.0,0.0,0.0,0.0,0.0,0.0,100.0,0.0,0.0,0.0,0.0,0.0,100.0,0.0,0.0,0.0,0.0,0.0,100.0,0.0,0.0,0.0,0.0,0.0,100.0,0.0,0.0,0.0,0.0,0.0,100.0,0.0,0.0,0.0,0.0,0.0,100.0,0.0,0.0,0.0,100.0,0.0,0.0,0.0,0.0,0.0,100.0,0.0,0.0,0.0,0.0,0.0,0.0,0.0,100.0,0.0,0.0,0.0,0.0,0.0,100.0,0.0,0.0,0.0,0.0,0.0,100.0,0.0,0.0,0.0,0.0,0.0,100.0,0.0,0.0,0.0,0.0,0.0,100.0,0.0,0.0,0.0,0.0,1.010,98.990,0.0,0.0,0.0,0.0,0.0,100.0,0.0,0.0,0.0,100.0,0.0,0.0,0.0,0.0,0.0,100.0,0.0,0.0,0.0,0.0,0.0,0.0,0.0,100.0,0.0,0.0,0.0,0.0,0.0,100.0,0.0,0.0,0.0,0.0,0.0,100.0,0.0,0.0,0.0,0.0,0.0,100.0,0.0,0.0,0.0,0.0,0.0,100.0,0.0,0.0,0.0,0.0,0.0,100.0,0.0,0.0,0.0,0.0,0.0,100.0,0.0,0.0,0.0,0.0,0.0,100.0,0.0,0.0,0.0,0.0,0.0,0.0,0.0,986628096.0,271388672.0,771956736.0,65625960448.0,2.820,5.590,4.720
24-02 21:17:21,2.0,0.0,0.0,986431488.0,271388672.0,771956736.0,65626157056.0,0.0,0.0,0.0,0.0,5847.0,3030.0,0.0,1.010,98.990,0.0,0.0,0.0,0.0,0.0,100.0,0.0,0.0,0.0,0.0,0.0,100.0,0.0,0.0,0.0,0.0,1.0,99.0,0.0,0.0,0.0,0.0,0.0,100.0,0.0,0.0,0.0,0.0,0.0,100.0,0.0,0.0,0.0,0.0,0.0,100.0,0.0,0.0,0.0,0.0,0.0,100.0,0.0,0.0,0.0,0.0,0.0,100.0,0.0,0.0,0.0,0.0,0.0,100.0,0.0,0.0,0.0,0.0,0.0,100.0,0.0,0.0,0.0,0.0,0.0,100.0,0.0,0.0,0.0,0.0,0.0,100.0,0.0,0.0,0.0,0.0,0.0,100.0,0.0,0.0,0.0,0.0,0.0,100.0,0.0,0.0,0.0,0.0,0.0,100.0,0.0,0.0,0.0,0.0,0.0,100.0,0.0,0.0,0.0,0.0,0.0,100.0,0.0,0.0,0.0,0.0,0.0,100.0,0.0,0.0,0.0,0.0,0.0,100.0,0.0,0.0,0.0,0.0,0.0,100.0,0.0,0.0,0.0,100.0,0.0,0.0,0.0,0.0,0.0,100.0,0.0,0.0,0.0,0.0,0.0,0.0,0.0,100.0,0.0,0.0,0.0,0.0,0.0,100.0,0.0,0.0,0.0,0.0,0.0,100.0,0.0,0.0,0.0,0.0,0.0,100.0,0.0,0.0,0.0,0.0,0.0,100.0,0.0,0.0,0.0,0.0,0.0,100.0,0.0,0.0,0.0,0.0,0.0,100.0,0.0,0.0,0.0,91.0,0.0,9.0,0.0,0.0,0.0,89.899,0.0,10.101,0.0,0.0,0.0,0.0,0.0,100.0,0.0,0.0,0.0,0.0,0.0,100.0,0.0,0.0,0.0,0.0,0.0,100.0,0.0,0.0,0.0,0.0,0.0,100.0,0.0,0.0,0.0,0.0,0.0,100.0,0.0,0.0,0.0,0.0,0.0,100.0,0.0,0.0,0.0,0.0,0.0,100.0,0.0,0.0,0.0,0.0,0.0,100.0,0.0,0.0,0.0,740.0,3770.0,0.0,0.0,986431488.0,271388672.0,771956736.0,65626157056.0,2.820,5.590,4.720
24-02 21:17:22,0.0,0.0,1.0,982364160.0,271388672.0,771960832.0,65630220288.0,0.0,0.0,0.0,0.0,3882.0,2549.0,0.0,1.010,98.990,0.0,0.0,0.0,0.0,0.0,100.0,0.0,0.0,0.0,0.0,0.0,100.0,0.0,0.0,0.0,0.0,0.0,100.0,0.0,0.0,0.0,0.0,0.0,100.0,0.0,0.0,0.0,0.0,0.0,100.0,0.0,0.0,0.0,0.0,0.0,100.0,0.0,0.0,0.0,0.0,0.0,100.0,0.0,0.0,0.0,0.0,0.0,100.0,0.0,0.0,0.0,0.0,0.0,100.0,0.0,0.0,0.0,0.0,0.0,100.0,0.0,0.0,0.0,0.0,0.0,100.0,0.0,0.0,0.0,0.0,0.0,100.0,0.0,0.0,0.0,0.0,0.0,100.0,0.0,0.0,0.0,0.0,0.0,100.0,0.0,0.0,0.0,0.0,0.0,100.0,0.0,0.0,0.0,0.0,0.0,100.0,0.0,0.0,0.0,0.0,0.0,100.0,0.0,0.0,0.0,0.0,0.0,100.0,0.0,0.0,0.0,0.0,0.0,100.0,0.0,0.0,0.0,0.0,0.0,100.0,0.0,0.0,0.0,90.909,0.0,9.091,0.0,0.0,0.0,90.0,0.0,10.0,0.0,0.0,0.0,0.0,0.0,100.0,0.0,0.0,0.0,0.0,0.0,100.0,0.0,0.0,0.0,0.0,0.0,100.0,0.0,0.0,0.0,0.0,0.0,100.0,0.0,0.0,0.0,0.0,0.0,100.0,0.0,0.0,0.0,0.0,0.0,100.0,0.0,0.0,0.0,0.0,0.0,100.0,0.0,0.0,0.0,0.0,0.0,100.0,0.0,0.0,0.0,0.0,0.0,100.0,0.0,0.0,0.0,0.0,0.0,100.0,0.0,0.0,0.0,0.0,0.0,100.0,0.0,0.0,0.0,0.0,0.0,100.0,0.0,0.0,0.0,0.0,0.0,100.0,0.0,0.0,0.0,0.0,0.0,100.0,0.0,0.0,0.0,0.0,0.0,100.0,0.0,0.0,0.0,0.0,0.0,100.0,0.0,0.0,0.0,0.0,0.0,100.0,0.0,0.0,0.0,0.0,0.0,0.0,0.0,982360064.0,271388672.0,771964928.0,65630220288.0,2.760,5.530,4.700
24-02 21:17:23,0.0,0.0,0.0,982097920.0,271388672.0,771964928.0,65630482432.0,0.0,0.0,0.0,24576.0,2043.0,2277.0,0.0,1.020,98.980,0.0,0.0,0.0,0.0,0.0,100.0,0.0,0.0,0.0,0.0,0.0,100.0,0.0,0.0,0.0,0.0,1.020,98.980,0.0,0.0,0.0,0.0,0.0,100.0,0.0,0.0,0.0,0.0,0.0,100.0,0.0,0.0,0.0,0.0,0.0,100.0,0.0,0.0,0.0,0.0,0.0,100.0,0.0,0.0,0.0,0.0,0.0,100.0,0.0,0.0,0.0,0.0,0.0,100.0,0.0,0.0,0.0,0.0,0.0,100.0,0.0,0.0,0.0,0.0,0.0,100.0,0.0,0.0,0.0,0.0,0.0,100.0,0.0,0.0,0.0,1.0,0.0,99.0,0.0,0.0,0.0,0.0,0.0,100.0,0.0,0.0,0.0,0.0,0.0,100.0,0.0,0.0,0.0,0.0,0.0,100.0,0.0,0.0,0.0,0.0,0.0,100.0,0.0,0.0,0.0,0.0,0.0,81.0,19.0,0.0,0.0,0.0,0.0,100.0,0.0,0.0,0.0,0.0,0.0,100.0,0.0,0.0,0.0,0.0,0.0,100.0,0.0,0.0,0.0,0.0,0.0,100.0,0.0,0.0,0.0,0.0,0.0,100.0,0.0,0.0,0.0,0.0,0.0,100.0,0.0,0.0,0.0,0.0,0.0,100.0,0.0,0.0,0.0,0.0,0.0,100.0,0.0,0.0,0.0,0.0,0.0,100.0,0.0,0.0,0.0,0.0,0.0,100.0,0.0,0.0,0.0,0.0,0.0,100.0,0.0,0.0,0.0,0.0,0.0,100.0,0.0,0.0,0.0,0.0,0.0,100.0,0.0,0.0,0.0,0.0,0.0,100.0,0.0,0.0,0.0,0.0,0.0,100.0,0.0,0.0,0.0,0.0,0.0,100.0,0.0,0.0,0.0,0.0,0.0,100.0,0.0,0.0,0.0,0.0,0.0,100.0,0.0,0.0,0.0,0.0,0.0,100.0,0.0,0.0,0.0,0.0,0.0,100.0,0.0,0.0,0.0,0.0,0.0,100.0,0.0,0.0,0.0,470.0,1998.0,0.0,0.0,982097920.0,271388672.0,771964928.0,65630482432.0,2.760,5.530,4.700
24-02 21:17:24,0.0,0.0,0.0,982106112.0,271388672.0,771964928.0,65630474240.0,0.0,0.0,0.0,0.0,2020.0,2168.0,0.0,1.020,98.980,0.0,0.0,0.0,0.0,0.0,100.0,0.0,0.0,0.0,0.0,0.0,100.0,0.0,0.0,0.0,1.010,1.010,97.980,0.0,0.0,0.0,0.0,0.0,100.0,0.0,0.0,0.0,0.0,0.0,100.0,0.0,0.0,0.0,0.0,0.0,100.0,0.0,0.0,0.0,0.0,0.0,100.0,0.0,0.0,0.0,0.0,0.0,100.0,0.0,0.0,0.0,0.0,0.0,100.0,0.0,0.0,0.0,0.0,0.0,100.0,0.0,0.0,0.0,0.0,0.0,100.0,0.0,0.0,0.0,0.0,0.0,100.0,0.0,0.0,0.0,1.0,0.0,99.0,0.0,0.0,0.0,0.0,0.0,100.0,0.0,0.0,0.0,0.0,0.0,100.0,0.0,0.0,0.0,0.0,0.0,100.0,0.0,0.0,0.0,0.0,0.0,100.0,0.0,0.0,0.0,0.0,0.0,100.0,0.0,0.0,0.0,0.0,0.0,100.0,0.0,0.0,0.0,0.0,0.0,100.0,0.0,0.0,0.0,0.0,0.0,100.0,0.0,0.0,0.0,0.0,0.0,100.0,0.0,0.0,0.0,0.0,0.0,100.0,0.0,0.0,0.0,0.0,0.0,100.0,0.0,0.0,0.0,0.0,0.0,100.0,0.0,0.0,0.0,0.0,0.0,100.0,0.0,0.0,0.0,0.0,0.0,100.0,0.0,0.0,0.0,0.0,0.0,100.0,0.0,0.0,0.0,0.0,0.0,100.0,0.0,0.0,0.0,0.0,0.0,100.0,0.0,0.0,0.0,0.0,0.0,100.0,0.0,0.0,0.0,0.0,0.0,100.0,0.0,0.0,0.0,0.0,0.0,100.0,0.0,0.0,0.0,0.0,0.0,100.0,0.0,0.0,0.0,0.0,0.0,100.0,0.0,0.0,0.0,0.0,0.0,100.0,0.0,0.0,0.0,0.0,0.0,100.0,0.0,0.0,0.0,0.0,0.0,100.0,0.0,0.0,0.0,0.0,0.0,100.0,0.0,0.0,0.0,0.0,0.0,0.0,0.0,982106112.0,271388672.0,771964928.0,65630474240.0,2.760,5.530,4.700
24-02 21:17:25,0.0,0.0,0.0,982097920.0,271388672.0,771964928.0,65630482432.0,0.0,0.0,0.0,0.0,2051.0,2296.0,0.0,0.0,100.0,0.0,0.0,0.0,0.0,0.990,99.010,0.0,0.0,0.0,0.0,0.0,100.0,0.0,0.0,0.0,0.0,2.020,97.980,0.0,0.0,0.0,0.0,0.0,100.0,0.0,0.0,0.0,0.0,0.0,100.0,0.0,0.0,0.0,0.0,0.0,100.0,0.0,0.0,0.0,0.0,0.0,100.0,0.0,0.0,0.0,0.0,0.0,100.0,0.0,0.0,0.0,0.0,0.0,100.0,0.0,0.0,0.0,0.0,0.0,100.0,0.0,0.0,0.0,0.0,0.0,100.0,0.0,0.0,0.0,0.0,0.0,100.0,0.0,0.0,0.0,0.0,0.0,100.0,0.0,0.0,0.0,0.0,0.990,99.010,0.0,0.0,0.0,0.0,0.0,100.0,0.0,0.0,0.0,0.0,0.0,100.0,0.0,0.0,0.0,0.0,0.0,100.0,0.0,0.0,0.0,0.0,0.0,100.0,0.0,0.0,0.0,0.0,0.0,100.0,0.0,0.0,0.0,0.0,0.0,100.0,0.0,0.0,0.0,0.0,0.0,100.0,0.0,0.0,0.0,0.0,0.0,100.0,0.0,0.0,0.0,0.0,0.0,100.0,0.0,0.0,0.0,0.0,0.0,100.0,0.0,0.0,0.0,0.0,0.0,100.0,0.0,0.0,0.0,0.0,0.0,100.0,0.0,0.0,0.0,0.0,0.0,100.0,0.0,0.0,0.0,0.0,0.0,100.0,0.0,0.0,0.0,0.0,0.0,100.0,0.0,0.0,0.0,0.0,0.0,100.0,0.0,0.0,0.0,0.0,0.0,100.0,0.0,0.0,0.0,0.0,0.0,100.0,0.0,0.0,0.0,0.0,0.0,100.0,0.0,0.0,0.0,0.0,0.0,100.0,0.0,0.0,0.0,0.0,0.0,100.0,0.0,0.0,0.0,0.0,0.0,100.0,0.0,0.0,0.0,0.0,0.0,100.0,0.0,0.0,0.0,0.0,0.0,100.0,0.0,0.0,0.0,0.0,0.0,100.0,0.0,0.0,0.0,60.0,0.0,0.0,0.0,982097920.0,271388672.0,771964928.0,65630482432.0,2.760,5.530,4.700
24-02 21:17:26,0.0,0.0,0.0,981970944.0,271388672.0,771964928.0,65630609408.0,0.0,0.0,0.0,0.0,1977.0,2095.0,0.0,1.020,98.980,0.0,0.0,0.0,0.0,0.0,100.0,0.0,0.0,0.0,0.0,0.0,100.0,0.0,0.0,0.0,0.0,0.0,100.0,0.0,0.0,0.0,0.0,0.0,100.0,0.0,0.0,0.0,0.0,0.0,100.0,0.0,0.0,0.0,0.0,0.0,100.0,0.0,0.0,0.0,0.0,0.0,100.0,0.0,0.0,0.0,0.0,0.0,100.0,0.0,0.0,0.0,0.0,0.0,100.0,0.0,0.0,0.0,0.0,0.0,100.0,0.0,0.0,0.0,0.0,0.0,100.0,0.0,0.0,0.0,0.0,0.0,100.0,0.0,0.0,0.0,1.0,0.0,99.0,0.0,0.0,0.0,0.0,0.0,100.0,0.0,0.0,0.0,0.0,0.0,100.0,0.0,0.0,0.0,0.0,0.0,100.0,0.0,0.0,0.0,0.0,0.0,100.0,0.0,0.0,0.0,0.0,0.0,100.0,0.0,0.0,0.0,0.0,0.0,100.0,0.0,0.0,0.0,0.0,0.0,100.0,0.0,0.0,0.0,0.0,0.0,100.0,0.0,0.0,0.0,0.0,0.0,100.0,0.0,0.0,0.0,0.0,0.0,100.0,0.0,0.0,0.0,0.0,0.0,100.0,0.0,0.0,0.0,0.0,0.0,100.0,0.0,0.0,0.0,0.0,0.0,100.0,0.0,0.0,0.0,0.0,0.0,100.0,0.0,0.0,0.0,0.0,0.0,100.0,0.0,0.0,0.0,0.0,0.0,100.0,0.0,0.0,0.0,0.0,0.0,100.0,0.0,0.0,0.0,0.0,0.0,100.0,0.0,0.0,0.0,0.0,0.0,100.0,0.0,0.0,0.0,0.0,0.0,100.0,0.0,0.0,0.0,0.0,0.0,100.0,0.0,0.0,0.0,0.0,0.0,100.0,0.0,0.0,0.0,0.0,0.0,100.0,0.0,0.0,0.0,0.0,0.0,100.0,0.0,0.0,0.0,0.0,0.0,100.0,0.0,0.0,0.0,0.0,0.0,100.0,0.0,0.0,0.0,0.0,0.0,0.0,0.0,981966848.0,271388672.0,771969024.0,65630609408.0,2.760,5.530,4.700
